NAME:TESTCASE1
DIESIZE:130,100
DISTANCE:30
GOOD_DIE:100
BAD_DIE:060
ORIENTATION:0
ROWDATA:100 100 100 100 100 100 100 100 100 100 100 100 100
ROWDATA:100 100 100 100 100 100 100 100 100 100 100 100 100
ROWDATA:100 100 100 100 100 100 100 100 100 100 100 100 100
ROWDATA:100 100 100 100 100 100 100 100 100 100 100 100 100
ROWDATA:100 100 100 100 100 060 060 060 100 100 100 100 100
ROWDATA:100 100 100 100 100 100 100 100 100 100 100 100 100
ROWDATA:100 100 100 100 100 100 100 100 100 100 100 100 100
ROWDATA:100 100 100 100 100 100 100 100 100 100 100 100 100
ROWDATA:100 100 100 100 100 100 100 100 100 100 100 100 100