NO OF GOOD DIES:82
NO OF BAD DIES:3
ROWDATA:000 000 000 000 000 100 100 100 100 000 000 000 000
ROWDATA:000 000 000 100 100 100 100 100 100 100 100 100 000
ROWDATA:000 000 100 100 100 100 100 100 100 100 100 100 000
ROWDATA:000 100 100 100 100 100 100 100 100 100 100 100 100
ROWDATA:000 100 100 100 100 060 060 060 100 100 100 100 100
ROWDATA:000 100 100 100 100 100 100 100 100 100 100 100 100
ROWDATA:000 100 100 100 100 100 100 100 100 100 100 100 000
ROWDATA:000 000 100 100 100 100 100 100 100 100 100 000 000
ROWDATA:000 000 000 000 100 100 100 100 100 100 000 000 000